t[s] E[J] dE/E0
   0.0000000000000000E+00   -1.9787559080469169E+35    0.0000000000000000E+00
   4.3200000000000000E+04   -1.9787559708241618E+35    3.1725613325771791E-08
   8.6400000000000000E+04   -1.9787560336017264E+35    6.3451388301871923E-08
   1.2960000000000000E+05   -1.9787560963796287E+35    9.5177333877799536E-08
   1.7280000000000000E+05   -1.9787561591578685E+35    1.2690345005355464E-07
   2.1600000000000000E+05   -1.9787562219364514E+35    1.5862973962585572E-07
   2.5920000000000000E+05   -1.9787562847153915E+35    1.9035620967972290E-07
   3.0240000000000000E+05   -1.9787563474946953E+35    2.2208286357121842E-07
   3.4560000000000000E+05   -1.9787564102743714E+35    2.5380970558864392E-07
   3.8880000000000000E+05   -1.9787564730544304E+35    2.8553674113898846E-07
   4.3200000000000000E+05   -1.9787565358349045E+35    3.1726398644321923E-07
   4.7520000000000000E+05   -1.9787565986157985E+35    3.4899144392515892E-07
   5.1840000000000000E+05   -1.9787566613971274E+35    3.8071912122917146E-07
   5.6160000000000000E+05   -1.9787567241789149E+35    4.1244703028792232E-07
   6.0480000000000000E+05   -1.9787567869611754E+35    4.4417517837287955E-07
   6.4800000000000000E+05   -1.9787568497439302E+35    4.7590357629802126E-07
   6.9120000000000000E+05   -1.9787569125272030E+35    5.0763223599601308E-07
   7.3440000000000000E+05   -1.9787569753110082E+35    5.3936116473832296E-07
   7.7760000000000000E+05   -1.9787570380953554E+35    5.7109036737259626E-07
   8.2080000000000000E+05   -1.9787571008802597E+35    6.0281985154319692E-07
   8.6400000000000000E+05   -1.9787571636657365E+35    6.3454962508093669E-07
   9.0720000000000000E+05   -1.9787572264517834E+35    6.6627968668068021E-07
   9.5040000000000000E+05   -1.9787572892384013E+35    6.9801003690177130E-07
   9.9360000000000000E+05   -1.9787573520255923E+35    7.2974067667644923E-07
   1.0368000000000000E+06   -1.9787574148133517E+35    7.6147160376733948E-07
   1.0800000000000000E+06   -1.9787574776016701E+35    7.9320281332679645E-07
   1.1232000000000000E+06   -1.9787575403905157E+35    8.2493428932030097E-07
   1.1664000000000000E+06   -1.9787576031798863E+35    8.5666603062916570E-07
   1.2096000000000000E+06   -1.9787576659697464E+35    8.8839801935439218E-07
   1.2528000000000000E+06   -1.9787577287600788E+35    9.2013024673292926E-07
   1.2960000000000000E+06   -1.9787577915508562E+35    9.5186269896763238E-07
   1.3392000000000000E+06   -1.9787578543420500E+35    9.8359536170201328E-07
   1.3824000000000000E+06   -1.9787579171336361E+35    1.0153282226305107E-06
   1.4256000000000000E+06   -1.9787579799255929E+35    1.0470612709391467E-06
   1.4688000000000000E+06   -1.9787580427179098E+35    1.0787945012209318E-06
   1.5120000000000000E+06   -1.9787581055105669E+35    1.1105279034076798E-06
   1.5552000000000000E+06   -1.9787581683035552E+35    1.1422614730246410E-06
   1.5984000000000000E+06   -1.9787582310968764E+35    1.1739952108176071E-06
   1.6416000000000000E+06   -1.9787582938905225E+35    1.2057291128711720E-06
   1.6848000000000000E+06   -1.9787583566845240E+35    1.2374631944740635E-06
   1.7280000000000000E+06   -1.9787584194788796E+35    1.2691974550669379E-06
   1.7712000000000000E+06   -1.9787584822735998E+35    1.3009318998703366E-06
   1.8144000000000000E+06   -1.9787585450687154E+35    1.3326665445458828E-06
   1.8576000000000000E+06   -1.9787586078642424E+35    1.3644013971108363E-06
   1.9008000000000000E+06   -1.9787586706602074E+35    1.3961364709894457E-06
   1.9440000000000000E+06   -1.9787587334566394E+35    1.4278717809110949E-06
   1.9872000000000000E+06   -1.9787587962535643E+35    1.4596073399271373E-06
   2.0304000000000000E+06   -1.9787588590510123E+35    1.4913431633263004E-06
   2.0736000000000000E+06   -1.9787589218490067E+35    1.5230792628548015E-06
   2.1168000000000000E+06   -1.9787589846475778E+35    1.5548156538013688E-06
   2.1600000000000000E+06   -1.9787590474467510E+35    1.5865523490309070E-06
   2.2032000000000000E+06   -1.9787591102465577E+35    1.6182893643914876E-06
   2.2464000000000000E+06   -1.9787591730470081E+35    1.6500267051036517E-06
   2.2896000000000000E+06   -1.9787592358481326E+35    1.6817643864561272E-06
   2.3328000000000000E+06   -1.9787592986499521E+35    1.7135024190764441E-06
   2.3760000000000000E+06   -1.9787593614524727E+35    1.7452408059477690E-06
   2.4192000000000000E+06   -1.9787594242557270E+35    1.7769795636639647E-06
   2.4624000000000000E+06   -1.9787594870597222E+35    1.8087186957675413E-06
   2.5056000000000000E+06   -1.9787595498644663E+35    1.8404582063603528E-06
   2.5488000000000000E+06   -1.9787596126699782E+35    1.8721981049512419E-06
   2.5920000000000000E+06   -1.9787596754762651E+35    1.9039383952691665E-06
   2.6352000000000000E+06   -1.9787597382833343E+35    1.9356790808566369E-06
   2.6784000000000000E+06   -1.9787598010912081E+35    1.9674201730869744E-06
   2.7216000000000000E+06   -1.9787598638998854E+35    1.9991616714008361E-06
   2.7648000000000000E+06   -1.9787599267093762E+35    2.0309035808323147E-06
   2.8080000000000000E+06   -1.9787599895196942E+35    2.0626459082799825E-06
   2.8512000000000000E+06   -1.9787600523308563E+35    2.0943886623204431E-06
   2.8944000000000000E+06   -1.9787601151428702E+35    2.1261318468691024E-06
   2.9376000000000000E+06   -1.9787601779557556E+35    2.1578754718076986E-06
   2.9808000000000000E+06   -1.9787602407695235E+35    2.1896195427296690E-06
   3.0240000000000000E+06   -1.9787603035841931E+35    2.2213640693303043E-06
   3.0672000000000000E+06   -1.9787603663997779E+35    2.2531090585081767E-06
   3.1104000000000000E+06   -1.9787604292162922E+35    2.2848545173483067E-06
   3.1536000000000000E+06   -1.9787604920337513E+35    2.3166004536815056E-06
   3.1968000000000000E+06   -1.9787605548521729E+35    2.3483468764572727E-06
   3.2400000000000000E+06   -1.9787606176715674E+35    2.3800937908961490E-06
   3.2832000000000000E+06   -1.9787606804919403E+35    2.4118411997948532E-06
   3.3264000000000000E+06   -1.9787607433133005E+35    2.4435891076281348E-06
   3.3696000000000000E+06   -1.9787608061356435E+35    2.4753375121586192E-06
   3.4128000000000000E+06   -1.9787608689589882E+35    2.5070864228951493E-06
   3.4560000000000000E+06   -1.9787609317833040E+35    2.5388358243625488E-06
   3.4992000000000000E+06   -1.9787609946086018E+35    2.5705857221542554E-06
   3.5424000000000000E+06   -1.9787610574348622E+35    2.6023361063885302E-06
   3.5856000000000000E+06   -1.9787611202620589E+35    2.6340869638275725E-06
   3.6288000000000000E+06   -1.9787611830901802E+35    2.6658382885050493E-06
   3.6720000000000000E+06   -1.9787612459191918E+35    2.6975900630813061E-06
   3.7152000000000000E+06   -1.9787613087490648E+35    2.7293422730134070E-06
   3.7584000000000000E+06   -1.9787613715797749E+35    2.7610949059957903E-06
   3.8016000000000000E+06   -1.9787614344112852E+35    2.7928479433836662E-06
   3.8448000000000000E+06   -1.9787614972435755E+35    2.8246013749224004E-06
   3.8880000000000000E+06   -1.9787615600766076E+35    2.8563551814078593E-06
   3.9312000000000000E+06   -1.9787616229103677E+35    2.8881093557550228E-06
   3.9744000000000000E+06   -1.9787616857448240E+35    2.9198638819293717E-06
   4.0176000000000000E+06   -1.9787617485799643E+35    2.9516187537781247E-06
   4.0608000000000000E+06   -1.9787618114157853E+35    2.9833739696232515E-06
   4.1040000000000000E+06   -1.9787618742522747E+35    3.0151295233119709E-06
   4.1472000000000000E+06   -1.9787619370894246E+35    3.0468854107424293E-06
   4.1904000000000000E+06   -1.9787619999272437E+35    3.0786416363893767E-06
   4.2336000000000000E+06   -1.9787620627657413E+35    3.1103982049140097E-06
   4.2768000000000000E+06   -1.9787621256049229E+35    3.1421551191130472E-06
   4.3200000000000000E+06   -1.9787621884448021E+35    3.1739123858850619E-06
   4.3632000000000000E+06   -1.9787622512853909E+35    3.2056700111963857E-06
   4.4064000000000000E+06   -1.9787623141267130E+35    3.2374280071661330E-06
   4.4496000000000000E+06   -1.9787623769687745E+35    3.2691863767774692E-06
   4.4928000000000000E+06   -1.9787624398116023E+35    3.3009451336410919E-06
   4.5360000000000000E+06   -1.9787625026552111E+35    3.3327042852149160E-06
   4.5792000000000000E+06   -1.9787625654996146E+35    3.3644638383975147E-06
   4.6224000000000000E+06   -1.9787626283448397E+35    3.3962238067995842E-06
   4.6656000000000000E+06   -1.9787626911908938E+35    3.4279841941500825E-06
   4.7088000000000000E+06   -1.9787627540377876E+35    3.4597450058559986E-06
   4.7520000000000000E+06   -1.9787628168855307E+35    3.4915062467649778E-06
   4.7952000000000000E+06   -1.9787628797341331E+35    3.5232679219111137E-06
   4.8384000000000000E+06   -1.9787629425836031E+35    3.5550300355827075E-06
   4.8816000000000000E+06   -1.9787630054339387E+35    3.5867925866610725E-06
   4.9248000000000000E+06   -1.9787630682851421E+35    3.6185555762648953E-06
   4.9680000000000000E+06   -1.9787631311372109E+35    3.6503190032754894E-06
   5.0112000000000000E+06   -1.9787631939901424E+35    3.6820828662012709E-06
   5.0544000000000000E+06   -1.9787632568439186E+35    3.7138471560927407E-06
   5.0976000000000000E+06   -1.9787633196985332E+35    3.7456118695938369E-06
   5.1408000000000000E+06   -1.9787633825539877E+35    3.7773770076367991E-06
   5.1840000000000000E+06   -1.9787634454102691E+35    3.8091425635095022E-06
   5.2272000000000000E+06   -1.9787635082673643E+35    3.8409085306862705E-06
   5.2704000000000000E+06   -1.9787635711252623E+35    3.8726749035736669E-06
   5.3136000000000000E+06   -1.9787636339839617E+35    3.9044416814258993E-06
   5.3568000000000000E+06   -1.9787636968434465E+35    3.9362088562257093E-06
   5.4000000000000000E+06   -1.9787637597037046E+35    3.9679764218203149E-06
   5.4432000000000000E+06   -1.9787638225647349E+35    3.9997443776503726E-06
   5.4864000000000000E+06   -1.9787638854265366E+35    4.0315127233429873E-06
   5.5296000000000000E+06   -1.9787639482890984E+35    4.0632814531182730E-06
   5.5728000000000000E+06   -1.9787640111524190E+35    4.0950505664168872E-06
   5.6160000000000000E+06   -1.9787640740164886E+35    4.1268200582047369E-06
   5.6592000000000000E+06   -1.9787641368813211E+35    4.1585899355668403E-06
   5.7024000000000000E+06   -1.9787641997468922E+35    4.1903601861976381E-06
   5.7456000000000000E+06   -1.9787642626132001E+35    4.2221308091648894E-06
   5.7888000000000000E+06   -1.9787643254802463E+35    4.2539018052143863E-06
   5.8320000000000000E+06   -1.9787643883480111E+35    4.2856731644643909E-06
   5.8752000000000000E+06   -1.9787644512164821E+35    4.3174448805756738E-06
   5.9184000000000000E+06   -1.9787645140856521E+35    4.3492169500057248E-06
   5.9616000000000000E+06   -1.9787645769554900E+35    4.3809893569064726E-06
   6.0048000000000000E+06   -1.9787646398259772E+35    4.4127620919555236E-06
   6.0480000000000000E+06   -1.9787647026970957E+35    4.4445351460169286E-06
   6.0912000000000000E+06   -1.9787647655688081E+35    4.4763085002594510E-06
   6.1344000000000000E+06   -1.9787648284410898E+35    4.5080821421910812E-06
   6.1776000000000000E+06   -1.9787648913139108E+35    4.5398560567095402E-06
   6.2208000000000000E+06   -1.9787649541872366E+35    4.5716302262887245E-06
   6.2640000000000000E+06   -1.9787650170610332E+35    4.6034046337754273E-06
   6.3072000000000000E+06   -1.9787650799352658E+35    4.6351792616435470E-06
   6.3504000000000000E+06   -1.9787651428099120E+35    4.6669540985197611E-06
   6.3936000000000000E+06   -1.9787652056849430E+35    4.6987291298611340E-06
   6.4368000000000000E+06   -1.9787652685603359E+35    4.7305043441078963E-06
   6.4800000000000000E+06   -1.9787653314360793E+35    4.7622797354801618E-06
   6.5232000000000000E+06   -1.9787653943121573E+35    4.7940552959606723E-06
   6.5664000000000000E+06   -1.9787654571885615E+35    4.8258310212611244E-06
   6.6096000000000000E+06   -1.9787655200652841E+35    4.8576069074661142E-06
   6.6528000000000000E+06   -1.9787655829423387E+35    4.8893829614742119E-06
   6.6960000000000000E+06   -1.9787656458197128E+35    4.9211591769461914E-06
   6.7392000000000000E+06   -1.9787657086974315E+35    4.9529355665605072E-06
   6.7824000000000000E+06   -1.9787657715755017E+35    4.9847121338596713E-06
   6.8256000000000000E+06   -1.9787658344539398E+35    5.0164888870473908E-06
   6.8688000000000000E+06   -1.9787658973327568E+35    5.0482658317171022E-06
   6.9120000000000000E+06   -1.9787659602119867E+35    5.0800429850220119E-06
   6.9552000000000000E+06   -1.9787660230916360E+35    5.1118203503181831E-06
   6.9984000000000000E+06   -1.9787660859717210E+35    5.1435979358093230E-06
   7.0416000000000000E+06   -1.9787661488522658E+35    5.1753757536145453E-06
   7.0848000000000000E+06   -1.9787662117332957E+35    5.2071538165987541E-06
   7.1280000000000000E+06   -1.9787662746148251E+35    5.2389321320334180E-06
   7.1712000000000000E+06   -1.9787663374968658E+35    5.2707107058848703E-06
   7.2144000000000000E+06   -1.9787664003794297E+35    5.3024895441194425E-06
   7.2576000000000000E+06   -1.9787664632625315E+35    5.3342686541950513E-06
   7.3008000000000000E+06   -1.9787665261461845E+35    5.3660480428238221E-06
   7.3440000000000000E+06   -1.9787665890303836E+35    5.3978277073954823E-06
   7.3872000000000000E+06   -1.9787666519151360E+35    5.4296076516389910E-06
   7.4304000000000000E+06   -1.9787667148004452E+35    5.4613878772323791E-06
   7.4736000000000000E+06   -1.9787667776862992E+35    5.4931683782093142E-06
   7.5168000000000000E+06   -1.9787668405727004E+35    5.5249491556884827E-06
   7.5600000000000000E+06   -1.9787669034596344E+35    5.5567302023984178E-06
   7.6032000000000000E+06   -1.9787669663470981E+35    5.5885115168475350E-06
   7.6464000000000000E+06   -1.9787670292350798E+35    5.6202930930695029E-06
   7.6896000000000000E+06   -1.9787670921235718E+35    5.6520749271489150E-06
   7.7328000000000000E+06   -1.9787671550125481E+35    5.6838570060344184E-06
   7.7760000000000000E+06   -1.9787672179020211E+35    5.7156393358787933E-06
   7.8192000000000000E+06   -1.9787672807919707E+35    5.7474219066138531E-06
   7.8624000000000000E+06   -1.9787673436823955E+35    5.7792047174938072E-06
   7.9056000000000000E+06   -1.9787674065732900E+35    5.8109877657219367E-06
   7.9488000000000000E+06   -1.9787674694646474E+35    5.8427710479421800E-06
   7.9920000000000000E+06   -1.9787675323564731E+35    5.8745545667648057E-06
   8.0352000000000000E+06   -1.9787675952487680E+35    5.9063383227491595E-06
   8.0784000000000000E+06   -1.9787676581415282E+35    5.9381223138443139E-06
   8.1216000000000000E+06   -1.9787677210347643E+35    5.9699065454572577E-06
   8.1648000000000000E+06   -1.9787677839284704E+35    6.0016910146048242E-06
   8.2080000000000000E+06   -1.9787678468226624E+35    6.0334757293042740E-06
   8.2512000000000000E+06   -1.9787679097173428E+35    6.0652606908607419E-06
   8.2944000000000000E+06   -1.9787679726125077E+35    6.0970458972233009E-06
   8.3376000000000000E+06   -1.9787680355081552E+35    6.1288313474597119E-06
   8.3808000000000000E+06   -1.9787680984042985E+35    6.1606170482820992E-06
   8.4240000000000000E+06   -1.9787681613009265E+35    6.1924029940970249E-06
   8.4672000000000000E+06   -1.9787682241980375E+35    6.2241891839722514E-06
   8.5104000000000000E+06   -1.9787682870956197E+35    6.2559756119414437E-06
   8.5536000000000000E+06   -1.9787683499936777E+35    6.2877622804284256E-06
   8.5968000000000000E+06   -1.9787684128921907E+35    6.3195491788056678E-06
   8.6400000000000000E+06   -1.9787684757911552E+35    6.3513363053951370E-06
   8.6832000000000000E+06   -1.9787685386905555E+35    6.3831236521795758E-06
   8.7264000000000000E+06   -1.9787686015903841E+35    6.4149112154300250E-06
   8.7696000000000000E+06   -1.9787686644906292E+35    6.4466989891801513E-06
   8.8128000000000000E+06   -1.9787687273912919E+35    6.4784869739892997E-06
   8.8560000000000000E+06   -1.9787687902923616E+35    6.5102751644504812E-06
   8.8992000000000000E+06   -1.9787688531938416E+35    6.5420635622417256E-06
   8.9424000000000000E+06   -1.9787689160957373E+35    6.5738521701597519E-06
   8.9856000000000000E+06   -1.9787689789980525E+35    6.6056409900690397E-06
   9.0288000000000000E+06   -1.9787690419007990E+35    6.6374300279359205E-06
   9.0720000000000000E+06   -1.9787691048040041E+35    6.6692192975575404E-06
   9.1152000000000000E+06   -1.9787691677076736E+35    6.7010088019170647E-06
   9.1584000000000000E+06   -1.9787692306118320E+35    6.7327985533200551E-06
   9.2016000000000000E+06   -1.9787692935165021E+35    6.7645885633262819E-06
   9.2448000000000000E+06   -1.9787693564217271E+35    6.7963788537501477E-06
   9.2880000000000000E+06   -1.9787694193275291E+35    6.8281694357785278E-06
   9.3312000000000000E+06   -1.9787694822339366E+35    6.8599603237679096E-06
   9.3744000000000000E+06   -1.9787695451409834E+35    6.8917515348715007E-06
   9.4176000000000000E+06   -1.9787696080487112E+35    6.9235430901579125E-06
   9.4608000000000000E+06   -1.9787696709571541E+35    6.9553350067803531E-06
   9.5040000000000000E+06   -1.9787697338663363E+35    6.9871272970443826E-06
   9.5472000000000000E+06   -1.9787697967762939E+35    7.0189199792218959E-06
   9.5904000000000000E+06   -1.9787698596870566E+35    7.0507130682287240E-06
   9.6336000000000000E+06   -1.9787699225986513E+35    7.0825065776755647E-06
   9.6768000000000000E+06   -1.9787699855110997E+35    7.1143005185628434E-06
   9.7200000000000000E+06   -1.9787700484244268E+35    7.1460949035690172E-06
   9.7632000000000000E+06   -1.9787701113386513E+35    7.1778897420164805E-06
   9.8064000000000000E+06   -1.9787701742537766E+35    7.2096850357697130E-06
   9.8496000000000000E+06   -1.9787702371698277E+35    7.2414807973207245E-06
   9.8928000000000000E+06   -1.9787703000867863E+35    7.2732770175335666E-06
   9.9360000000000000E+06   -1.9787703630046676E+35    7.3050737040526050E-06
   9.9792000000000000E+06   -1.9787704259234590E+35    7.3368708505386087E-06
   1.0022400000000000E+07   -1.9787704888431596E+35    7.3686684564322360E-06
   1.0065600000000000E+07   -1.9787705517637533E+35    7.4004665137162262E-06
   1.0108800000000000E+07   -1.9787706146852361E+35    7.4322650203396523E-06
   1.0152000000000000E+07   -1.9787706776075933E+35    7.4640639688445994E-06
   1.0195200000000000E+07   -1.9787707405308021E+35    7.4958633476712971E-06
   1.0238400000000000E+07   -1.9787708034548649E+35    7.5276631581248809E-06
   1.0281600000000000E+07   -1.9787708663797748E+35    7.5594633966628397E-06
   1.0324800000000000E+07   -1.9787709293055225E+35    7.5912640586239773E-06
   1.0368000000000000E+07   -1.9787709922320907E+35    7.6230651352452425E-06
   1.0411200000000000E+07   -1.9787710551594876E+35    7.6548666306284879E-06
   1.0454400000000000E+07   -1.9787711180877054E+35    7.6866685408583089E-06
   1.0497600000000000E+07   -1.9787711810167543E+35    7.7184708711552465E-06
   1.0540800000000000E+07   -1.9787712439466375E+35    7.7502736230108834E-06
   1.0584000000000000E+07   -1.9787713068773485E+35    7.7820767932556036E-06
   1.0627200000000000E+07   -1.9787713698089025E+35    7.8138803895337745E-06
   1.0670400000000000E+07   -1.9787714327413095E+35    7.8456844168794874E-06
   1.0713600000000000E+07   -1.9787714956745702E+35    7.8774888756656382E-06
   1.0756800000000000E+07   -1.9787715586086836E+35    7.9092937653328839E-06
   1.0800000000000000E+07   -1.9787716215436665E+35    7.9410990944578259E-06
   1.0843200000000000E+07   -1.9787716844795164E+35    7.9729048617353306E-06
   1.0886400000000000E+07   -1.9787717474162337E+35    8.0047110673518467E-06
   1.0929600000000000E+07   -1.9787718103538242E+35    8.0365177142905380E-06
   1.0972800000000000E+07   -1.9787718732922862E+35    8.0683248016191684E-06
   1.1016000000000000E+07   -1.9787719362316144E+35    8.1001323267274636E-06
   1.1059200000000000E+07   -1.9787719991718008E+35    8.1319402855135734E-06
   1.1102400000000000E+07   -1.9787720621128416E+35    8.1637486761130156E-06
   1.1145600000000000E+07   -1.9787721250547391E+35    8.1955574996444786E-06
   1.1188800000000000E+07   -1.9787721879974781E+35    8.2273667484636001E-06
   1.1232000000000000E+07   -1.9787722509410594E+35    8.2591764229432744E-06
   1.1275200000000000E+07   -1.9787723138854760E+35    8.2909865195409930E-06
   1.1318400000000000E+07   -1.9787723768307330E+35    8.3227970408670234E-06
   1.1361600000000000E+07   -1.9787724397768246E+35    8.3546079839382019E-06
   1.1404800000000000E+07   -1.9787725027237451E+35    8.3864193459578088E-06
   1.1448000000000000E+07   -1.9787725656715190E+35    8.4182311392314066E-06
   1.1491200000000000E+07   -1.9787726286201433E+35    8.4500433622674108E-06
   1.1534400000000000E+07   -1.9787726915696327E+35    8.4818560225237382E-06
   1.1577600000000000E+07   -1.9787727545200032E+35    8.5136691280176472E-06
   1.1620800000000000E+07   -1.9787728174712742E+35    8.5454826886308782E-06
   1.1664000000000000E+07   -1.9787728804234546E+35    8.5772967088381810E-06
   1.1707200000000000E+07   -1.9787729433765666E+35    8.6091111998264263E-06
   1.1750400000000000E+07   -1.9787730063306379E+35    8.6409261755792099E-06
   1.1793600000000000E+07   -1.9787730692856901E+35    8.6727416470969573E-06
   1.1836800000000000E+07   -1.9787731322417374E+35    8.7045576214646873E-06
   1.1880000000000000E+07   -1.9787731951988010E+35    8.7363741094963781E-06
   1.1923200000000000E+07   -1.9787732581569084E+35    8.7681911249891750E-06
   1.1966400000000000E+07   -1.9787733211160842E+35    8.8000086804350875E-06
   1.2009600000000000E+07   -1.9787733840763307E+35    8.8318267769528041E-06
   1.2052800000000000E+07   -1.9787734470376773E+35    8.8636454294581530E-06
   1.2096000000000000E+07   -1.9787735100001267E+35    8.8954646392562732E-06
   1.2139200000000000E+07   -1.9787735729636877E+35    8.9272844108219108E-06
   1.2182400000000000E+07   -1.9787736359283580E+35    8.9591047430363829E-06
   1.2225600000000000E+07   -1.9787736988941367E+35    8.9909256353403409E-06
   1.2268800000000000E+07   -1.9787737618610085E+35    9.0227470800894244E-06
   1.2312000000000000E+07   -1.9787738248289668E+35    9.0545690739275701E-06
   1.2355200000000000E+07   -1.9787738877979876E+35    9.0863916047356646E-06
   1.2398400000000000E+07   -1.9787739507680537E+35    9.1182146637506573E-06
   1.2441600000000000E+07   -1.9787740137391254E+35    9.1500382310226216E-06
   1.2484800000000000E+07   -1.9787740767111738E+35    9.1818622918221749E-06
   1.2528000000000000E+07   -1.9787741396841688E+35    9.2136868310470346E-06
   1.2571200000000000E+07   -1.9787742026580703E+35    9.2455118283743851E-06
   1.2614400000000000E+07   -1.9787742656328469E+35    9.2773372679561501E-06
   1.2657600000000000E+07   -1.9787743286084558E+35    9.3091631281643750E-06
   1.2700800000000000E+07   -1.9787743915848719E+35    9.3409893963206029E-06
   1.2744000000000000E+07   -1.9787744545620555E+35    9.3728160522884601E-06
   1.2787200000000000E+07   -1.9787745175399868E+35    9.4046430861862078E-06
   1.2830400000000000E+07   -1.9787745805186391E+35    9.4364704844031515E-06
   1.2873600000000000E+07   -1.9787746434979989E+35    9.4682982402271649E-06
   1.2916800000000000E+07   -1.9787747064780465E+35    9.5001263435900604E-06
   1.2960000000000000E+07   -1.9787747694587652E+35    9.5319547861016851E-06
   1.3003200000000000E+07   -1.9787748324401435E+35    9.5637835619821540E-06
   1.3046400000000000E+07   -1.9787748954221892E+35    9.5956126751468700E-06
   1.3089600000000000E+07   -1.9787749584048894E+35    9.6274421190701592E-06
   1.3132800000000000E+07   -1.9787750213882349E+35    9.6592718890908248E-06
   1.3176000000000000E+07   -1.9787750843722216E+35    9.6911019831579373E-06
   1.3219200000000000E+07   -1.9787751473568513E+35    9.7229324022037378E-06
   1.3262400000000000E+07   -1.9787752103421179E+35    9.7547631430586121E-06
   1.3305600000000000E+07   -1.9787752733280116E+35    9.7865942008749145E-06
   1.3348800000000000E+07   -1.9787753363145358E+35    9.8184255773306764E-06
   1.3392000000000000E+07   -1.9787753993016780E+35    9.8502572660866694E-06
   1.3435200000000000E+07   -1.9787754622894278E+35    9.8820892619223500E-06
   1.3478400000000000E+07   -1.9787755252777923E+35    9.9139215683802318E-06
   1.3521600000000000E+07   -1.9787755882667460E+35    9.9457541725954073E-06
   1.3564800000000000E+07   -1.9787756512562851E+35    9.9775870727033995E-06
   1.3608000000000000E+07   -1.9787757142463983E+35    1.0009420262924322E-05
   1.3651200000000000E+07   -1.9787757772370749E+35    1.0041253737851184E-05
   1.3694400000000000E+07   -1.9787758402283163E+35    1.0073087498229782E-05
   1.3737600000000000E+07   -1.9787759032201082E+35    1.0104921536788644E-05
   1.3780800000000000E+07   -1.9787759662124395E+35    1.0136755847934334E-05
   1.3824000000000000E+07   -1.9787760292053171E+35    1.0168590435209362E-05
   1.3867200000000000E+07   -1.9787760921987297E+35    1.0200425292833843E-05
   1.3910400000000000E+07   -1.9787761551926821E+35    1.0232260423231602E-05
   1.3953600000000000E+07   -1.9787762181871720E+35    1.0264095825283948E-05
   1.3996800000000000E+07   -1.9787762811822157E+35    1.0295931507194591E-05
   1.4040000000000000E+07   -1.9787763441778149E+35    1.0327767469895770E-05
   1.4083200000000000E+07   -1.9787764071739816E+35    1.0359603719353816E-05
   1.4126400000000000E+07   -1.9787764701707224E+35    1.0391440258924795E-05
   1.4169600000000000E+07   -1.9787765331680583E+35    1.0423277099236233E-05
   1.4212800000000000E+07   -1.9787765961660010E+35    1.0455114246254466E-05
   1.4256000000000000E+07   -1.9787766591645640E+35    1.0486951706691616E-05
   1.4299200000000000E+07   -1.9787767221637618E+35    1.0518789488005600E-05
   1.4342400000000000E+07   -1.9787767851636131E+35    1.0550627599518813E-05
   1.4385600000000000E+07   -1.9787768481641288E+35    1.0582466046824692E-05
   1.4428800000000000E+07   -1.9787769111653219E+35    1.0614304836448913E-05
   1.4472000000000000E+07   -1.9787769741671993E+35    1.0646143971933988E-05
   1.4515200000000000E+07   -1.9787770371697682E+35    1.0677983456822424E-05
   1.4558400000000000E+07   -1.9787771001730206E+35    1.0709823287198818E-05
   1.4601600000000000E+07   -1.9787771631769663E+35    1.0741663467910813E-05
   1.4644800000000000E+07   -1.9787772261815864E+35    1.0773503989449566E-05
   1.4688000000000000E+07   -1.9787772891868706E+35    1.0805344846594540E-05
   1.4731200000000000E+07   -1.9787773521927905E+35    1.0837186024989241E-05
   1.4774400000000000E+07   -1.9787774151993291E+35    1.0869027516057070E-05
   1.4817600000000000E+07   -1.9787774782064594E+35    1.0900869306187329E-05
   1.4860800000000000E+07   -1.9787775412141373E+35    1.0932711373006269E-05
   1.4904000000000000E+07   -1.9787776042223335E+35    1.0964553701784506E-05
   1.4947200000000000E+07   -1.9787776672310041E+35    1.0996396270334744E-05
   1.4990400000000000E+07   -1.9787777302401068E+35    1.1028239057215468E-05
   1.5033600000000000E+07   -1.9787777932496057E+35    1.1060082044341238E-05
   1.5076800000000000E+07   -1.9787778562594695E+35    1.1091925215863980E-05
   1.5120000000000000E+07   -1.9787779192696501E+35    1.1123768547545466E-05
   1.5163200000000000E+07   -1.9787779822801360E+35    1.1155612033419365E-05
   1.5206400000000000E+07   -1.9787780452908929E+35    1.1187455656332469E-05
   1.5249600000000000E+07   -1.9787781083019015E+35    1.1219299406403040E-05
   1.5292800000000000E+07   -1.9787781713131573E+35    1.1251143281393705E-05
   1.5336000000000000E+07   -1.9787782343246484E+35    1.1282987275338129E-05
   1.5379200000000000E+07   -1.9787782973363761E+35    1.1314831388795655E-05
   1.5422400000000000E+07   -1.9787783603483299E+35    1.1346675616545742E-05
   1.5465600000000000E+07   -1.9787784233605220E+35    1.1378519964741174E-05
   1.5508800000000000E+07   -1.9787784863729665E+35    1.1410364440466968E-05
   1.5552000000000000E+07   -1.9787785493856571E+35    1.1442209040553512E-05
   1.5595200000000000E+07   -1.9787786123986239E+35    1.1474053780289530E-05
   1.5638400000000000E+07   -1.9787786754118705E+35    1.1505898661353056E-05
   1.5681600000000000E+07   -1.9787787384254085E+35    1.1537743689710422E-05
   1.5724800000000000E+07   -1.9787788014392546E+35    1.1569588873751784E-05
   1.5768000000000000E+07   -1.9787788644534220E+35    1.1601434220189266E-05
   1.5811200000000000E+07   -1.9787789274679284E+35    1.1633279737972366E-05
   1.5854400000000000E+07   -1.9787789904827806E+35    1.1665125430457149E-05
   1.5897600000000000E+07   -1.9787790534979884E+35    1.1696971302677705E-05
   1.5940800000000000E+07   -1.9787791165135599E+35    1.1728817358735890E-05
   1.5984000000000000E+07   -1.9787791795295123E+35    1.1760663607208307E-05
   1.6027200000000000E+07   -1.9787792425458453E+35    1.1792510048094956E-05
   1.6070400000000000E+07   -1.9787793055625713E+35    1.1824356687548616E-05
   1.6113600000000000E+07   -1.9787793685797086E+35    1.1856203534891684E-05
   1.6156800000000000E+07   -1.9787794315972496E+35    1.1888050586208754E-05
   1.6200000000000000E+07   -1.9787794946152214E+35    1.1919897855296969E-05
   1.6243200000000000E+07   -1.9787795576336320E+35    1.1951745346071735E-05
   1.6286400000000000E+07   -1.9787796206524944E+35    1.1983593065245178E-05
   1.6329600000000000E+07   -1.9787796836718277E+35    1.2015441022326141E-05
   1.6372800000000000E+07   -1.9787797466916357E+35    1.2047289219365549E-05
   1.6416000000000000E+07   -1.9787798097119559E+35    1.2079137675194640E-05
   1.6459200000000000E+07   -1.9787798727327988E+35    1.2110986395220404E-05
   1.6502400000000000E+07   -1.9787799357541855E+35    1.2142835390070372E-05
   1.6545600000000000E+07   -1.9787799987761537E+35    1.2174684678762229E-05
   1.6588800000000000E+07   -1.9787800617987199E+35    1.2206534269686129E-05
   1.6632000000000000E+07   -1.9787801248219122E+35    1.2238384177012113E-05
   1.6675200000000000E+07   -1.9787801878457626E+35    1.2270234416961150E-05
   1.6718400000000000E+07   -1.9787802508702934E+35    1.2302085000720111E-05
   1.6761600000000000E+07   -1.9787803138955374E+35    1.2333935944882860E-05
   1.6804800000000000E+07   -1.9787803769215077E+35    1.2365787256161524E-05
   1.6848000000000000E+07   -1.9787804399482285E+35    1.2397638946675213E-05
   1.6891200000000000E+07   -1.9787805029757248E+35    1.2429491029102387E-05
   1.6934400000000000E+07   -1.9787805660040121E+35    1.2461343511273855E-05
   1.6977600000000000E+07   -1.9787806290330885E+35    1.2493196392257378E-05
   1.7020800000000000E+07   -1.9787806920629773E+35    1.2525049683799177E-05
   1.7064000000000000E+07   -1.9787807550936657E+35    1.2556903379373570E-05
   1.7107200000000000E+07   -1.9787808181251557E+35    1.2588757480099250E-05
   1.7150400000000000E+07   -1.9787808811574396E+35    1.2620611982060806E-05
   1.7193600000000000E+07   -1.9787809441904821E+35    1.2652466867359243E-05
   1.7236800000000000E+07   -1.9787810072242647E+35    1.2684322126672165E-05
   1.7280000000000000E+07   -1.9787810702587652E+35    1.2716177748812698E-05
   1.7323200000000000E+07   -1.9787811332939582E+35    1.2748033720915937E-05
   1.7366400000000000E+07   -1.9787811963298153E+35    1.2779890028625396E-05
   1.7409600000000000E+07   -1.9787812593662896E+35    1.2811746648262188E-05
   1.7452800000000000E+07   -1.9787813224033682E+35    1.2843603573300639E-05
   1.7496000000000000E+07   -1.9787813854410242E+35    1.2875460790130053E-05
   1.7539200000000000E+07   -1.9787814484792300E+35    1.2907318284766834E-05
   1.7582400000000000E+07   -1.9787815115179707E+35    1.2939176049753069E-05
   1.7625600000000000E+07   -1.9787815745572467E+35    1.2971034085275206E-05
   1.7668800000000000E+07   -1.9787816375970373E+35    1.3002892380892162E-05
   1.7712000000000000E+07   -1.9787817006373471E+35    1.3034750938841311E-05
   1.7755200000000000E+07   -1.9787817636781867E+35    1.3066609764529644E-05
   1.7798400000000000E+07   -1.9787818267195737E+35    1.3098468866906657E-05
   1.7841600000000000E+07   -1.9787818897615215E+35    1.3130328252684477E-05
   1.7884800000000000E+07   -1.9787819528040405E+35    1.3162187927083646E-05
   1.7928000000000000E+07   -1.9787820158471553E+35    1.3194047902596170E-05
