t[s] E[J] dE/E0
   0.0000000000000000E+00   -1.9787559080469169E+35    0.0000000000000000E+00
   4.3200000000000000E+04   -1.9787559237411958E+35    7.9313869706398207E-09
   8.6400000000000000E+04   -1.9787559394355041E+35    1.5862788857111551E-08
   1.2960000000000000E+05   -1.9787559551298265E+35    2.3794197828603440E-08
   1.7280000000000000E+05   -1.9787559708241695E+35    3.1725617241177666E-08
   2.1600000000000000E+05   -1.9787559865185409E+35    3.9657051010240108E-08
   2.5920000000000000E+05   -1.9787560022129404E+35    4.7588498949342870E-08
   3.0240000000000000E+05   -1.9787560179073723E+35    5.5519963295860729E-08
   3.4560000000000000E+05   -1.9787560336018264E+35    6.3451438829252525E-08
   3.8880000000000000E+05   -1.9787560492963218E+35    7.1382935244808986E-08
   4.3200000000000000E+05   -1.9787560649908519E+35    7.9314449186467956E-08
   4.7520000000000000E+05   -1.9787560806854166E+35    8.7245980654229421E-08
   5.1840000000000000E+05   -1.9787560963800341E+35    9.5177538784040416E-08
   5.6160000000000000E+05   -1.9787561120746959E+35    1.0310911928759929E-07
   6.0480000000000000E+05   -1.9787561277694108E+35    1.1104072663965560E-07
   6.4800000000000000E+05   -1.9787561434641800E+35    1.1897236139955305E-07
   6.9120000000000000E+05   -1.9787561591590155E+35    1.2690402972007230E-07
   7.3440000000000000E+05   -1.9787561748539119E+35    1.3483572880449487E-07
   7.7760000000000000E+05   -1.9787561905488785E+35    1.4276746331401820E-07
   8.2080000000000000E+05   -1.9787562062439070E+35    1.5069922914678859E-07
   8.6400000000000000E+05   -1.9787562219390118E+35    1.5863103357427402E-07
   9.0720000000000000E+05   -1.9787562376341672E+35    1.6656286354512159E-07
   9.5040000000000000E+05   -1.9787562533294145E+35    1.7449473994149600E-07
   9.9360000000000000E+05   -1.9787562690247319E+35    1.8242665176297120E-07
   1.0368000000000000E+06   -1.9787562847201135E+35    1.9035859602638082E-07
   1.0800000000000000E+06   -1.9787563004155474E+35    1.9829056676539207E-07
   1.1232000000000000E+06   -1.9787563161110345E+35    2.0622256435290075E-07
   1.1664000000000000E+06   -1.9787563318065681E+35    2.1415458543284472E-07
   1.2096000000000000E+06   -1.9787563475021415E+35    2.2208662664916172E-07
   1.2528000000000000E+06   -1.9787563631977467E+35    2.3001868389999808E-07
   1.2960000000000000E+06   -1.9787563788933677E+35    2.3795074916809406E-07
   1.3392000000000000E+06   -1.9787563945890105E+35    2.4588282543661606E-07
   1.3824000000000000E+06   -1.9787564102846610E+35    2.5381490562054399E-07
   1.4256000000000000E+06   -1.9787564259803167E+35    2.6174698841474249E-07
   1.4688000000000000E+06   -1.9787564416759683E+35    2.6967906915801408E-07
   1.5120000000000000E+06   -1.9787564573716159E+35    2.7761114785035876E-07
   1.5552000000000000E+06   -1.9787564730672480E+35    2.8554321871189173E-07
   1.5984000000000000E+06   -1.9787564887628594E+35    2.9347527913234231E-07
   1.6416000000000000E+06   -1.9787565044584579E+35    3.0140733302711650E-07
   1.6848000000000000E+06   -1.9787565201540413E+35    3.0933937927752681E-07
   1.7280000000000000E+06   -1.9787565358496073E+35    3.1727141676488582E-07
   1.7712000000000000E+06   -1.9787565515451616E+35    3.2520344828591215E-07
   1.8144000000000000E+06   -1.9787565672407062E+35    3.3313547495929305E-07
   1.8576000000000000E+06   -1.9787565829362556E+35    3.4106750405649664E-07
   1.9008000000000000E+06   -1.9787565986317981E+35    3.4899952961119018E-07
   1.9440000000000000E+06   -1.9787566143273235E+35    3.5693154658928035E-07
   1.9872000000000000E+06   -1.9787566300228811E+35    3.6486357978833771E-07
   2.0304000000000000E+06   -1.9787566457184593E+35    3.7279562342847745E-07
   2.0736000000000000E+06   -1.9787566614140545E+35    3.8072767564522050E-07
   2.1168000000000000E+06   -1.9787566771096770E+35    3.8865974165910810E-07
   2.1600000000000000E+06   -1.9787566928053253E+35    3.9659182072434861E-07
   2.2032000000000000E+06   -1.9787567085010090E+35    4.0452391768858738E-07
   2.2464000000000000E+06   -1.9787567241966994E+35    4.1245601800888838E-07
   2.2896000000000000E+06   -1.9787567398924554E+35    4.2038815151691534E-07
   2.3328000000000000E+06   -1.9787567555882635E+35    4.2832031131409605E-07
   2.3760000000000000E+06   -1.9787567712841151E+35    4.3625249311212884E-07
   2.4192000000000000E+06   -1.9787567869800106E+35    4.4418469709746161E-07
   2.4624000000000000E+06   -1.9787568026759640E+35    4.5211693035511452E-07
   2.5056000000000000E+06   -1.9787568183719661E+35    4.6004918822389004E-07
   2.5488000000000000E+06   -1.9787568340680306E+35    4.6798147760236049E-07
   2.5920000000000000E+06   -1.9787568497641608E+35    4.7591380016855696E-07
   2.6352000000000000E+06   -1.9787568654603259E+35    4.8384614044730381E-07
   2.6784000000000000E+06   -1.9787568811565616E+35    4.9177851633759937E-07
   2.7216000000000000E+06   -1.9787568968528489E+35    4.9971091833060073E-07
   2.7648000000000000E+06   -1.9787569125491919E+35    5.0764334847723491E-07
   2.8080000000000000E+06   -1.9787569282455907E+35    5.1557580677750170E-07
   2.8512000000000000E+06   -1.9787569439420558E+35    5.2350829863839039E-07
   2.8944000000000000E+06   -1.9787569596385910E+35    5.3144082592437984E-07
   2.9376000000000000E+06   -1.9787569753351831E+35    5.3937338192334572E-07
   2.9808000000000000E+06   -1.9787569910318478E+35    5.4730597465254762E-07
   3.0240000000000000E+06   -1.9787570067285823E+35    5.5523860262040245E-07
   3.0672000000000000E+06   -1.9787570224253931E+35    5.6317126918297238E-07
   3.1104000000000000E+06   -1.9787570381222781E+35    5.7110397322156999E-07
   3.1536000000000000E+06   -1.9787570538192420E+35    5.7903671716001795E-07
   3.1968000000000000E+06   -1.9787570695162764E+35    5.8696949671001451E-07
   3.2400000000000000E+06   -1.9787570852133982E+35    5.9490232044816319E-07
   3.2832000000000000E+06   -1.9787571009106134E+35    6.0283519135763038E-07
   3.3264000000000000E+06   -1.9787571166079046E+35    6.1076810067536462E-07
   3.3696000000000000E+06   -1.9787571323052873E+35    6.1870105623217779E-07
   3.4128000000000000E+06   -1.9787571480027397E+35    6.2663404702764388E-07
   3.4560000000000000E+06   -1.9787571637002781E+35    6.3456708126547045E-07
   3.4992000000000000E+06   -1.9787571793979120E+35    6.4250016379330273E-07
   3.5424000000000000E+06   -1.9787571950956046E+35    6.5043327596635104E-07
   3.5856000000000000E+06   -1.9787572107933761E+35    6.5836642803924960E-07
   3.6288000000000000E+06   -1.9787572264912111E+35    6.6629961218118686E-07
   3.6720000000000000E+06   -1.9787572421891092E+35    6.7423282820571477E-07
   3.7152000000000000E+06   -1.9787572578870441E+35    6.8216606287503261E-07
   3.7584000000000000E+06   -1.9787572735850245E+35    6.9009932047744202E-07
   3.8016000000000000E+06   -1.9787572892830391E+35    6.9803259541950599E-07
   3.8448000000000000E+06   -1.9787573049810907E+35    7.0596588900635987E-07
   3.8880000000000000E+06   -1.9787573206791423E+35    7.1389918259321376E-07
   3.9312000000000000E+06   -1.9787573363772252E+35    7.2183249202813911E-07
   3.9744000000000000E+06   -1.9787573520753254E+35    7.2976581022611560E-07
   4.0176000000000000E+06   -1.9787573677734275E+35    7.3769912935633168E-07
   4.0608000000000000E+06   -1.9787573834715429E+35    7.4563245519867200E-07
   4.1040000000000000E+06   -1.9787573991696528E+35    7.5356577824429396E-07
   4.1472000000000000E+06   -1.9787574148677608E+35    7.6149910035767634E-07
   4.1904000000000000E+06   -1.9787574305658658E+35    7.6943242097947562E-07
   4.2336000000000000E+06   -1.9787574462639734E+35    7.7736574290641005E-07
   4.2768000000000000E+06   -1.9787574619621051E+35    7.8529907695245801E-07
   4.3200000000000000E+06   -1.9787574776602411E+35    7.9323241323588082E-07
   4.3632000000000000E+06   -1.9787574933583882E+35    8.0116575511274043E-07
   4.4064000000000000E+06   -1.9787575090565715E+35    8.0909911526149430E-07
   4.4496000000000000E+06   -1.9787575247547665E+35    8.1703248137658085E-07
   4.4928000000000000E+06   -1.9787575404529889E+35    8.2496586128881185E-07
   4.5360000000000000E+06   -1.9787575561512316E+35    8.3289925145567740E-07
   4.5792000000000000E+06   -1.9787575718495292E+35    8.4083266940327978E-07
   4.6224000000000000E+06   -1.9787575875478674E+35    8.4876610786015117E-07
   4.6656000000000000E+06   -1.9787576032462436E+35    8.5669956552115608E-07
   4.7088000000000000E+06   -1.9787576189446789E+35    8.6463305301382484E-07
   4.7520000000000000E+06   -1.9787576346431544E+35    8.7256656082931445E-07
   4.7952000000000000E+06   -1.9787576503416947E+35    8.8050010145963441E-07
   4.8384000000000000E+06   -1.9787576660403052E+35    8.8843367751505513E-07
   4.8816000000000000E+06   -1.9787576817389729E+35    8.9636728246990012E-07
   4.9248000000000000E+06   -1.9787576974377037E+35    9.0430091930733586E-07
   4.9680000000000000E+06   -1.9787577131364994E+35    9.1223458895960186E-07
   5.0112000000000000E+06   -1.9787577288353641E+35    9.2016829347762490E-07
   5.0544000000000000E+06   -1.9787577445342885E+35    9.2810202820020757E-07
   5.0976000000000000E+06   -1.9787577602332820E+35    9.3603579778854729E-07
   5.1408000000000000E+06   -1.9787577759323385E+35    9.4396959925947777E-07
   5.1840000000000000E+06   -1.9787577916314555E+35    9.5190343130786365E-07
   5.2272000000000000E+06   -1.9787578073306394E+35    9.5983729710331916E-07
   5.2704000000000000E+06   -1.9787578230298826E+35    9.6777119291688646E-07
   5.3136000000000000E+06   -1.9787578387291811E+35    9.7570511669763874E-07
   5.3568000000000000E+06   -1.9787578544285310E+35    9.8363906639464878E-07
   5.4000000000000000E+06   -1.9787578701279461E+35    9.9157304909293701E-07
   5.4432000000000000E+06   -1.9787578858274103E+35    9.9950705658879557E-07
   5.4864000000000000E+06   -1.9787579015269273E+35    1.0074410907467039E-06
   5.5296000000000000E+06   -1.9787579172265095E+35    1.0153751579058903E-06
   5.5728000000000000E+06   -1.9787579329261519E+35    1.0233092554560843E-06
   5.6160000000000000E+06   -1.9787579486258423E+35    1.0312433772445050E-06
   5.6592000000000000E+06   -1.9787579643256053E+35    1.0391775357631617E-06
   5.7024000000000000E+06   -1.9787579800254149E+35    1.0471117177742539E-06
   5.7456000000000000E+06   -1.9787579957252890E+35    1.0550459324137284E-06
   5.7888000000000000E+06   -1.9787580114252214E+35    1.0629801765119708E-06
   5.8320000000000000E+06   -1.9787580271252261E+35    1.0709144571540014E-06
   5.8752000000000000E+06   -1.9787580428252798E+35    1.0788487625936026E-06
   5.9184000000000000E+06   -1.9787580585254004E+35    1.0867831017802733E-06
   5.9616000000000000E+06   -1.9787580742255785E+35    1.0947174700528165E-06
   6.0048000000000000E+06   -1.9787580899257934E+35    1.1026518569701495E-06
   6.0480000000000000E+06   -1.9787581056260542E+35    1.1105862670070220E-06
   6.0912000000000000E+06   -1.9787581213263533E+35    1.1185206964344759E-06
   6.1344000000000000E+06   -1.9787581370266841E+35    1.1264551418964490E-06
   6.1776000000000000E+06   -1.9787581527270537E+35    1.1343896069354516E-06
   6.2208000000000000E+06   -1.9787581684274491E+35    1.1423240850258073E-06
   6.2640000000000000E+06   -1.9787581841278640E+35    1.1502585729979015E-06
   6.3072000000000000E+06   -1.9787581998282952E+35    1.1581930691737031E-06
   6.3504000000000000E+06   -1.9787582155287386E+35    1.1661275715022856E-06
   6.3936000000000000E+06   -1.9787582312291709E+35    1.1740620682374309E-06
   6.4368000000000000E+06   -1.9787582469295995E+35    1.1819965631080975E-06
   6.4800000000000000E+06   -1.9787582626300155E+35    1.1899310516395352E-06
   6.5232000000000000E+06   -1.9787582783304242E+35    1.1978655364420152E-06
   6.5664000000000000E+06   -1.9787582940308281E+35    1.2058000188206725E-06
   6.6096000000000000E+06   -1.9787583097312228E+35    1.2137344965381322E-06
   6.6528000000000000E+06   -1.9787583254316049E+35    1.2216689679163633E-06
   6.6960000000000000E+06   -1.9787583411319693E+35    1.2296034303450954E-06
   6.7392000000000000E+06   -1.9787583568323271E+35    1.2375378894177652E-06
   6.7824000000000000E+06   -1.9787583725326811E+35    1.2454723466259561E-06
   6.8256000000000000E+06   -1.9787583882330422E+35    1.2534068073766571E-06
   6.8688000000000000E+06   -1.9787584039334103E+35    1.2613412716698680E-06
   6.9120000000000000E+06   -1.9787584196337722E+35    1.2692757327934648E-06
   6.9552000000000000E+06   -1.9787584353341676E+35    1.2772102108838202E-06
   6.9984000000000000E+06   -1.9787584510345873E+35    1.2851447012797371E-06
   7.0416000000000000E+06   -1.9787584667350200E+35    1.2930791982013305E-06
   7.0848000000000000E+06   -1.9787584824354637E+35    1.3010137007163608E-06
   7.1280000000000000E+06   -1.9787584981359720E+35    1.3089482358597734E-06
   7.1712000000000000E+06   -1.9787585138365238E+35    1.3168827930040380E-06
   7.2144000000000000E+06   -1.9787585295371317E+35    1.3248173784883835E-06
   7.2576000000000000E+06   -1.9787585452377780E+35    1.3327519833633102E-06
   7.3008000000000000E+06   -1.9787585609384700E+35    1.3406866113577765E-06
   7.3440000000000000E+06   -1.9787585766392244E+35    1.3486212708619375E-06
   7.3872000000000000E+06   -1.9787585923400466E+35    1.3565559646725122E-06
   7.4304000000000000E+06   -1.9787586080409250E+35    1.3644906868231673E-06
   7.4736000000000000E+06   -1.9787586237418649E+35    1.3724254401106216E-06
   7.5168000000000000E+06   -1.9787586394428643E+35    1.3803602234161877E-06
   7.5600000000000000E+06   -1.9787586551439160E+35    1.3882950331973553E-06
   7.6032000000000000E+06   -1.9787586708450186E+35    1.3962298687083330E-06
   7.6464000000000000E+06   -1.9787586865461785E+35    1.4041647331187351E-06
   7.6896000000000000E+06   -1.9787587022473741E+35    1.4120996156145834E-06
   7.7328000000000000E+06   -1.9787587179486262E+35    1.4200345266369601E-06
   7.7760000000000000E+06   -1.9787587336499299E+35    1.4279694637620427E-06
   7.8192000000000000E+06   -1.9787587493512860E+35    1.4359044273627270E-06
   7.8624000000000000E+06   -1.9787587650526712E+35    1.4438394056927952E-06
   7.9056000000000000E+06   -1.9787587807540930E+35    1.4517744024812055E-06
   7.9488000000000000E+06   -1.9787587964555450E+35    1.4597094145583434E-06
   7.9920000000000000E+06   -1.9787588121570203E+35    1.4676444383816991E-06
   8.0352000000000000E+06   -1.9787588278585354E+35    1.4755794823414278E-06
   8.0784000000000000E+06   -1.9787588435600874E+35    1.4835145449459464E-06
   8.1216000000000000E+06   -1.9787588592616763E+35    1.4914496261952547E-06
   8.1648000000000000E+06   -1.9787588749632852E+35    1.4993847175127496E-06
   8.2080000000000000E+06   -1.9787588906649346E+35    1.5073198293395137E-06
   8.2512000000000000E+06   -1.9787589063666135E+35    1.5152549560821095E-06
   8.2944000000000000E+06   -1.9787589220683308E+35    1.5231901022152867E-06
   8.3376000000000000E+06   -1.9787589377700853E+35    1.5311252671797018E-06
   8.3808000000000000E+06   -1.9787589534718772E+35    1.5390604509753545E-06
   8.4240000000000000E+06   -1.9787589691736904E+35    1.5469956455849855E-06
   8.4672000000000000E+06   -1.9787589848755390E+35    1.5549308580936148E-06
   8.5104000000000000E+06   -1.9787590005774157E+35    1.5628660847722843E-06
   8.5536000000000000E+06   -1.9787590162793215E+35    1.5708013261803380E-06
   8.5968000000000000E+06   -1.9787590319812513E+35    1.5787365797075051E-06
   8.6400000000000000E+06   -1.9787590476831925E+35    1.5866718390145569E-06
   8.6832000000000000E+06   -1.9787590633851485E+35    1.5946071057795248E-06
   8.7264000000000000E+06   -1.9787590790871204E+35    1.6025423805617524E-06
   8.7696000000000000E+06   -1.9787590947890970E+35    1.6104776577678024E-06
   8.8128000000000000E+06   -1.9787591104910962E+35    1.6184129463471744E-06
   8.8560000000000000E+06   -1.9787591261930847E+35    1.6263482295195574E-06
   8.8992000000000000E+06   -1.9787591418950941E+35    1.6342835233194706E-06
   8.9424000000000000E+06   -1.9787591575971055E+35    1.6422188180516233E-06
   8.9856000000000000E+06   -1.9787591732991127E+35    1.6501541107328492E-06
   9.0288000000000000E+06   -1.9787591890011119E+35    1.6580893993122210E-06
   9.0720000000000000E+06   -1.9787592047031125E+35    1.6660246886373847E-06
   9.1152000000000000E+06   -1.9787592204051279E+35    1.6739599854204644E-06
   9.1584000000000000E+06   -1.9787592361071345E+35    1.6818952777287942E-06
   9.2016000000000000E+06   -1.9787592518091480E+35    1.6898305735796343E-06
   9.2448000000000000E+06   -1.9787592675111671E+35    1.6977658722271930E-06
   9.2880000000000000E+06   -1.9787592832132079E+35    1.7057011818751775E-06
   9.3312000000000000E+06   -1.9787592989152654E+35    1.7136364999133177E-06
   9.3744000000000000E+06   -1.9787593146173601E+35    1.7215718367826954E-06
   9.4176000000000000E+06   -1.9787593303194821E+35    1.7295071874492178E-06
   9.4608000000000000E+06   -1.9787593460216458E+35    1.7374425591843527E-06
   9.5040000000000000E+06   -1.9787593617238560E+35    1.7453779544119228E-06
   9.5472000000000000E+06   -1.9787593774261072E+35    1.7533133703352099E-06
   9.5904000000000000E+06   -1.9787593931284310E+35    1.7612488229887329E-06
   9.6336000000000000E+06   -1.9787594088308002E+35    1.7691842985753475E-06
   9.6768000000000000E+06   -1.9787594245332509E+35    1.7771198153669477E-06
   9.7200000000000000E+06   -1.9787594402357717E+35    1.7850553675836487E-06
   9.7632000000000000E+06   -1.9787594559383697E+35    1.7929909587679608E-06
   9.8064000000000000E+06   -1.9787594716410536E+35    1.8009265933946331E-06
   9.8496000000000000E+06   -1.9787594873438238E+35    1.8088622716501139E-06
   9.8928000000000000E+06   -1.9787595030466682E+35    1.8167979873816221E-06
   9.9360000000000000E+06   -1.9787595187495820E+35    1.8247337381653356E-06
   9.9792000000000000E+06   -1.9787595344525953E+35    1.8326695392899817E-06
   1.0022400000000000E+07   -1.9787595501556921E+35    1.8406053825518528E-06
   1.0065600000000000E+07   -1.9787595658588585E+35    1.8485412610523769E-06
   1.0108800000000000E+07   -1.9787595815621058E+35    1.8564771803849910E-06
   1.0152000000000000E+07   -1.9787595972654180E+35    1.8644131325324350E-06
   1.0195200000000000E+07   -1.9787596129687992E+35    1.8723491195456364E-06
   1.0238400000000000E+07   -1.9787596286722442E+35    1.8802851388143242E-06
   1.0281600000000000E+07   -1.9787596443757497E+35    1.8882211886604673E-06
   1.0324800000000000E+07   -1.9787596600792995E+35    1.8961572608803583E-06
   1.0368000000000000E+07   -1.9787596757829091E+35    1.9040933633048091E-06
   1.0411200000000000E+07   -1.9787596914865492E+35    1.9120294812044354E-06
   1.0454400000000000E+07   -1.9787597071902485E+35    1.9199656289357254E-06
   1.0497600000000000E+07   -1.9787597228939757E+35    1.9279017908370559E-06
   1.0540800000000000E+07   -1.9787597385977568E+35    1.9358379799597798E-06
   1.0584000000000000E+07   -1.9787597543015700E+35    1.9437741853034705E-06
   1.0627200000000000E+07   -1.9787597700054172E+35    1.9517104078003678E-06
   1.0670400000000000E+07   -1.9787597857093164E+35    1.9596466565864192E-06
   1.0713600000000000E+07   -1.9787598014132517E+35    1.9675829236443647E-06
   1.0756800000000000E+07   -1.9787598171172180E+35    1.9755192063639336E-06
   1.0800000000000000E+07   -1.9787598328212231E+35    1.9834555086605321E-06
   1.0843200000000000E+07   -1.9787598485252768E+35    1.9913918355682530E-06
   1.0886400000000000E+07   -1.9787598642293796E+35    1.9993281872735446E-06
   1.0929600000000000E+07   -1.9787598799335201E+35    2.0072645579965215E-06
   1.0972800000000000E+07   -1.9787598956376967E+35    2.0152009469913928E-06
   1.1016000000000000E+07   -1.9787599113419261E+35    2.0231373626483135E-06
   1.1059200000000000E+07   -1.9787599270461813E+35    2.0310737913565876E-06
   1.1102400000000000E+07   -1.9787599427504785E+35    2.0390102413199215E-06
   1.1145600000000000E+07   -1.9787599584548278E+35    2.0469467175724094E-06
   1.1188800000000000E+07   -1.9787599741592173E+35    2.0548832141477186E-06
