t[s]  E[J]  dE/E0
   0.0000000000000000E+00   -7.2865191113189898E+42    0.0000000000000000E+00
   6.3115200000000000E+11   -7.2865191265659458E+42    2.0924883063285086E-09
   1.2623040000000000E+12   -7.2865151311505042E+42   -5.4623729448260595E-07
   1.8934560000000000E+12   -7.2865238675023976E+42    6.5273738188170908E-07
   2.5246080000000000E+12   -7.2865106449045445E+42   -1.1619285307479591E-06
   3.1557600000000000E+12   -7.2865141287524744E+42   -6.8380614107392793E-07
   3.7869120000000000E+12   -7.2865166965357929E+42   -3.3140422195788958E-07
   4.4180640000000000E+12   -7.2865146728065273E+42   -6.0914030343819185E-07
   5.0492160000000000E+12   -7.2865128987014470E+42   -8.5261802623756199E-07
   5.6803680000000000E+12   -7.2865115455045737E+42   -1.0383304154522116E-06
   6.3115200000000000E+12   -7.2865143482713283E+42   -6.5367943028904408E-07
   6.9426720000000000E+12   -7.2865231094014767E+42    5.4869580739060932E-07
   7.5738240000000000E+12   -7.2865126504304032E+42   -8.8669068012849383E-07
   8.2049760000000000E+12   -7.2865066735822683E+42   -1.7069517737460465E-06
   8.8361280000000000E+12   -7.2865197179137314E+42    8.3248905591680075E-08
   9.4672800000000000E+12   -7.2865104271552170E+42   -1.1918123921941669E-06
   1.0098432000000000E+13   -7.2865182414869501E+42   -1.1937552436483627E-07
   1.0729584000000000E+13   -7.2865216036283203E+42    3.4204388850169939E-07
   1.1360736000000000E+13   -7.2865096610634662E+42   -1.2969506261179869E-06
   1.1991888000000000E+13   -7.2865169483682887E+42   -2.9684279531723589E-07
   1.2623040000000000E+13   -7.2865119148691196E+42   -9.8763892062286655E-07
   1.3254192000000000E+13   -7.2865243772425055E+42    7.2269398257705323E-07
   1.3885344000000000E+13   -7.2865190556608528E+42   -7.6385083369536075E-09
   1.4516496000000000E+13   -7.2865234870180850E+42    6.0051981314485904E-07
   1.5147648000000000E+13   -7.2865138228593959E+42   -7.2578682812688815E-07
   1.5778800000000000E+13   -7.2865127065119157E+42   -8.7899406784822138E-07
   1.6409952000000000E+13   -7.2865212223952744E+42    2.8972356379056289E-07
   1.7041104000000000E+13   -7.2865090259084179E+42   -1.3841191408174039E-06
   1.7672256000000000E+13   -7.2865153252746189E+42   -5.1959575115031543E-07
   1.8303408000000000E+13   -7.2865141434670358E+42   -6.8178671847632281E-07
   1.8934560000000000E+13   -7.2865094763938648E+42   -1.3222946344918295E-06
   1.9565712000000000E+13   -7.2865246128497668E+42    7.5502866223624434E-07
   2.0196864000000000E+13   -7.2865158186738094E+42   -4.5188177374431492E-07
   2.0828016000000000E+13   -7.2865180092871076E+42   -1.5124257074610466E-07
   2.1459168000000000E+13   -7.2865149449867860E+42   -5.7178635507031213E-07
   2.2090320000000000E+13   -7.2865193431609451E+42    3.1817930030655715E-08
   2.2721472000000000E+13   -7.2865118654442645E+42   -9.9442197496590602E-07
   2.3352624000000000E+13   -7.2865123083718473E+42   -9.3363470795649063E-07
   2.3983776000000000E+13   -7.2865161488696959E+42   -4.0656577559467954E-07
   2.4614928000000000E+13   -7.2865261580028084E+42    9.6708506640584849E-07
   2.5246080000000000E+13   -7.2865160563053019E+42   -4.1926928910833682E-07
   2.5877232000000000E+13   -7.2865040324058610E+42   -2.0694261414057494E-06
   2.6508384000000000E+13   -7.2865149799833187E+42   -5.6698343996235722E-07
   2.7139536000000000E+13   -7.2865103499675597E+42   -1.2024056063342389E-06
   2.7770688000000000E+13   -7.2865117871470799E+42   -1.0051674603433302E-06
   2.8401840000000000E+13   -7.2865229457529129E+42    5.2623672079469726E-07
   2.9032992000000000E+13   -7.2865222641499038E+42    4.3269369994569642E-07
   2.9664144000000000E+13   -7.2865318436236563E+42    1.7473782024015225E-06
   3.0295296000000000E+13   -7.2865008750580789E+42   -2.5027397351633630E-06
   3.0926448000000000E+13   -7.2865104953735889E+42   -1.1824501204568729E-06
   3.1557600000000000E+13   -7.2865294572061867E+42    1.4198668855226833E-06
   3.2188752000000000E+13   -7.2865173014144377E+42   -2.4839083305519666E-07
   3.2819904000000000E+13   -7.2865196723668794E+42    7.6998067399351395E-08
   3.3451056000000000E+13   -7.2865188364660112E+42   -3.7720751766268595E-08
   3.4082208000000000E+13   -7.2865220911458125E+42    4.0895066316124235E-07
   3.4713360000000000E+13   -7.2865147644883221E+42   -5.9655791761816237E-07
   3.5344512000000000E+13   -7.2865177719534015E+42   -1.8381418724300279E-07
   3.5975664000000000E+13   -7.2865245115205419E+42    7.4112226559748938E-07
   3.6606816000000000E+13   -7.2865157761551630E+42   -4.5771702178311001E-07
   3.7237968000000000E+13   -7.2865117567021507E+42   -1.0093457145675977E-06
   3.7869120000000000E+13   -7.2864968113587659E+42   -3.0604407788113486E-06
   3.8500272000000000E+13   -7.2865100624874255E+42   -1.2418593056615728E-06
   3.9131424000000000E+13   -7.2865174040203055E+42   -2.3430923026146295E-07
   3.9762576000000000E+13   -7.2865104940174479E+42   -1.1826362369014189E-06
   4.0393728000000000E+13   -7.2865200503656461E+42    1.2887452045717489E-07
   4.1024880000000000E+13   -7.2865126181927746E+42   -8.9111496394791393E-07
   4.1656032000000000E+13   -7.2865151237860237E+42   -5.4724799388823406E-07
   4.2287184000000000E+13   -7.2865138928556268E+42   -7.1618056349055990E-07
   4.2918336000000000E+13   -7.2865172510066755E+42   -2.5530878130917158E-07
   4.3549488000000000E+13   -7.2865136564641676E+42   -7.4862286626371054E-07
   4.4180640000000000E+13   -7.2865144792352136E+42   -6.3570598051964878E-07
   4.4811792000000000E+13   -7.2865080207853503E+42   -1.5220619708914790E-06
   4.5442944000000000E+13   -7.2865159522189271E+42   -4.3355407629501933E-07
   4.6074096000000000E+13   -7.2865086416525588E+42   -1.4368543156213223E-06
   4.6705248000000000E+13   -7.2865061025761204E+42   -1.7853165099425098E-06
   4.7336400000000000E+13   -7.2865172468281525E+42   -2.5588224072617528E-07
   4.7967552000000000E+13   -7.2865151850873438E+42   -5.3883501656173266E-07
   4.8598704000000000E+13   -7.2865116548242386E+42   -1.0233274128975264E-06
   4.9229856000000000E+13   -7.2865179133723416E+42   -1.6440588845605886E-07
   4.9861008000000000E+13   -7.2865114873082722E+42   -1.0463172608369367E-06
   5.0492160000000000E+13   -7.2865029556003681E+42   -2.2172066490017750E-06
   5.1123312000000000E+13   -7.2865219388776229E+42    3.8805341616826107E-07
   5.1754464000000000E+13   -7.2865218055384130E+42    3.6975397745287237E-07
   5.2385616000000000E+13   -7.2865051347018775E+42   -1.9181473209345861E-06
   5.3016768000000000E+13   -7.2865167390463791E+42   -3.2557008010264699E-07
   5.3647920000000000E+13   -7.2865180339278102E+42   -1.4786088709614035E-07
   5.4279072000000000E+13   -7.2865173886931322E+42   -2.3641272756610468E-07
   5.4910224000000000E+13   -7.2865183270927148E+42   -1.0762701134103691E-07
   5.5541376000000000E+13   -7.2865114592261620E+42   -1.0501712423901681E-06
   5.6172528000000000E+13   -7.2865057179980391E+42   -1.8380959064344472E-06
   5.6803680000000000E+13   -7.2865221784352227E+42    4.2093023925774187E-07
   5.7434832000000000E+13   -7.2865168390655093E+42   -3.1184348050997132E-07
   5.8065984000000000E+13   -7.2865160370573274E+42   -4.2191087615880163E-07
   5.8697136000000000E+13   -7.2865100217910319E+42   -1.2474444682121191E-06
   5.9328288000000000E+13   -7.2865082788086628E+42   -1.4866509181503839E-06
   5.9959440000000000E+13   -7.2865183279687628E+42   -1.0750678272947943E-07
   6.0590592000000000E+13   -7.2864984310385276E+42   -2.8381563468435335E-06
   6.1221744000000000E+13   -7.2865123101725920E+42   -9.3338757421652032E-07
   6.1852896000000000E+13   -7.2865229797199896E+42    5.3089835361605397E-07
   6.2484048000000000E+13   -7.2865177285558685E+42   -1.8977005346160690E-07
   6.3115200000000000E+13   -7.2865135578298639E+42   -7.6215941261483837E-07
