t[s] E[J] dE/E0
   0.0000000000000000E+00   -1.4493512197922582E+39    0.0000000000000000E+00
   3.1554587852800000E+11   -1.4493512197923108E+39    3.6284009310575582E-14
   6.3109175705600000E+11   -1.2718449070742035E+39   -1.2247294533860290E-01
   9.4663763558400000E+11   -1.2718449070548574E+39   -1.2247294535195104E-01
   1.2621835141120000E+12   -1.2718449070746916E+39   -1.2247294533826612E-01
   1.5777293926400000E+12   -1.2718449070742670E+39   -1.2247294533855911E-01
   1.8932752711680000E+12   -1.2718449070673517E+39   -1.2247294534333045E-01
   2.2088211496960000E+12   -1.2718449070787678E+39   -1.2247294533545369E-01
   2.5243670282240000E+12   -1.2718449069847651E+39   -1.2247294540031220E-01
   2.8399129067520000E+12   -1.2718449071122203E+39   -1.2247294531237268E-01
   3.1554587852800000E+12   -1.2718449071365231E+39   -1.2247294529560468E-01
   3.4710046638080000E+12   -1.2718449071122705E+39   -1.2247294531233807E-01
   3.7865505423360000E+12   -1.2718449071123189E+39   -1.2247294531230471E-01
   4.1020964208640000E+12   -1.2718449071125975E+39   -1.2247294531211245E-01
   4.4176422993920000E+12   -1.2718449071123769E+39   -1.2247294531226467E-01
   4.7331881779200000E+12   -1.2718449071166477E+39   -1.2247294530931795E-01
   5.0487340564480000E+12   -1.2718449071124138E+39   -1.2247294531223922E-01
   5.3642799349760000E+12   -1.2718449071136795E+39   -1.2247294531136591E-01
   5.6798258135040000E+12   -1.2718452447737706E+39   -1.2247271233809724E-01
   5.9953716920320000E+12   -1.2718452448168885E+39   -1.2247271230834748E-01
   6.3109175705600000E+12   -1.2718452448167516E+39   -1.2247271230844195E-01
   6.6264634490880000E+12   -1.2718452448853986E+39   -1.2247271226107798E-01
   6.9420093276160000E+12   -1.2718452448161414E+39   -1.2247271230886297E-01
   7.2575552061440000E+12   -1.2718452448162450E+39   -1.2247271230879145E-01
   7.5731010846720000E+12   -1.2718452448238830E+39   -1.2247271230352151E-01
   7.8886469632000000E+12   -1.2718452448136779E+39   -1.2247271231056268E-01
   8.2041928417280000E+12   -1.2718452448162523E+39   -1.2247271230878644E-01
   8.5197387202560000E+12   -1.2718452448161374E+39   -1.2247271230886568E-01
   8.8352845987840000E+12   -1.2718452448176141E+39   -1.2247271230784681E-01
   9.1508304773120000E+12   -1.2718452448162988E+39   -1.2247271230875433E-01
   9.4663763558400000E+12   -1.2718452448258469E+39   -1.2247271230216648E-01
   9.7819222343680000E+12   -1.2718452448424044E+39   -1.2247271229074244E-01
   1.0097468112896000E+13   -1.2718452448487376E+39   -1.2247271228637273E-01
   1.0413013991424000E+13   -1.2718452448495074E+39   -1.2247271228584160E-01
   1.0728559869952000E+13   -1.2718452447726817E+39   -1.2247271233884857E-01
   1.1044105748480000E+13   -1.2718452448002999E+39   -1.2247271231979301E-01
   1.1359651627008000E+13   -1.2718452448434703E+39   -1.2247271229000696E-01
   1.1675197505536000E+13   -1.2718452448427404E+39   -1.2247271229051056E-01
   1.1990743384064000E+13   -1.2718452448429686E+39   -1.2247271229035313E-01
   1.2306289262592000E+13   -1.2718452448433582E+39   -1.2247271229008433E-01
   1.2621835141120000E+13   -1.2718452448433818E+39   -1.2247271229006806E-01
   1.2937381019648000E+13   -1.2718452448458075E+39   -1.2247271228839442E-01
   1.3252926898176000E+13   -1.2718452448436553E+39   -1.2247271228987934E-01
   1.3568472776704000E+13   -1.2718452448495125E+39   -1.2247271228583806E-01
   1.3884018655232000E+13   -1.2718452448310157E+39   -1.2247271229860023E-01
   1.4199564533760000E+13   -1.2718452447221749E+39   -1.2247271237369645E-01
   1.4515110412288000E+13   -1.2718452448436586E+39   -1.2247271228987705E-01
   1.4830656290816000E+13   -1.2718452448336094E+39   -1.2247271229681063E-01
   1.5146202169344000E+13   -1.2718452448520446E+39   -1.2247271228409100E-01
   1.5461748047872000E+13   -1.2718452521757357E+39   -1.2247270723100866E-01
   1.5777293926400000E+13   -1.2718452517191812E+39   -1.2247270754601476E-01
   1.6092839804928000E+13   -1.2718452517089903E+39   -1.2247270755304614E-01
   1.6408385683456000E+13   -1.2718452517192773E+39   -1.2247270754594844E-01
   1.6723931561984000E+13   -1.2718452517193148E+39   -1.2247270754592259E-01
   1.7039477440512000E+13   -1.2718452517192855E+39   -1.2247270754594282E-01
   1.7355023319040000E+13   -1.2718452526854058E+39   -1.2247270687935469E-01
   1.7670569197568000E+13   -1.2718452517196563E+39   -1.2247270754568695E-01
   1.7986115076096000E+13   -1.2718452516838745E+39   -1.2247270757037509E-01
   1.8301660954624000E+13   -1.2718452517159486E+39   -1.2247270754824519E-01
   1.8617206833152000E+13   -1.2718452517197104E+39   -1.2247270754564962E-01
   1.8932752711680000E+13   -1.2718452517219176E+39   -1.2247270754412673E-01
   1.9248298590208000E+13   -1.2718452517105169E+39   -1.2247270755199285E-01
   1.9563844468736000E+13   -1.2718452517198921E+39   -1.2247270754552429E-01
   1.9879390347264000E+13   -1.2718452517198117E+39   -1.2247270754557976E-01
   2.0194936225792000E+13   -1.2718452517204418E+39   -1.2247270754514498E-01
   2.0510482104320000E+13   -1.2718452517055427E+39   -1.2247270755542483E-01
   2.0826027982848000E+13   -1.2718452516120789E+39   -1.2247270761991152E-01
   2.1141573861376000E+13   -1.2718452517864598E+39   -1.2247270749959499E-01
   2.1457119739904000E+13   -1.2743992981593362E+39   -1.2071050773876511E-01
   2.1772665618432000E+13   -1.2743992981400916E+39   -1.2071050775204319E-01
   2.2088211496960000E+13   -1.2743992981630019E+39   -1.2071050773623587E-01
   2.2403757375488000E+13   -1.2743992981568923E+39   -1.2071050774045128E-01
   2.2719303254016000E+13   -1.2743992980309718E+39   -1.2071050782733188E-01
   2.3034849132544000E+13   -1.2743992981618535E+39   -1.2071050773702828E-01
   2.3350395011072000E+13   -1.2743992981630572E+39   -1.2071050773619771E-01
   2.3665940889600000E+13   -1.2743992981491806E+39   -1.2071050774577211E-01
   2.3981486768128000E+13   -1.2743992981618118E+39   -1.2071050773705705E-01
   2.4297032646656000E+13   -1.2743992981635828E+39   -1.2071050773583508E-01
   2.4612578525184000E+13   -1.2743992981615917E+39   -1.2071050773720886E-01
   2.4928124403712000E+13   -1.2743992981884377E+39   -1.2071050771868609E-01
   2.5243670282240000E+13   -1.2743992981629829E+39   -1.2071050773624900E-01
   2.5559216160768000E+13   -1.2743992981781341E+39   -1.2071050772579525E-01
   2.5874762039296000E+13   -1.2743992982507234E+39   -1.2071050767571122E-01
   2.6190307917824000E+13   -1.2743992981776239E+39   -1.2071050772614725E-01
   2.6505853796352000E+13   -1.2743992981819174E+39   -1.2071050772318488E-01
   2.6821399674880000E+13   -1.2743992981633314E+39   -1.2071050773600857E-01
   2.7136945553408000E+13   -1.2743992980762216E+39   -1.2071050779611116E-01
   2.7452491431936000E+13   -1.2743992981633435E+39   -1.2071050773600023E-01
   2.7768037310464000E+13   -1.2743992981633259E+39   -1.2071050773601233E-01
   2.8083583188992000E+13   -1.2743992981634795E+39   -1.2071050773590640E-01
   2.8399129067520000E+13   -1.2743992981800121E+39   -1.2071050772449946E-01
   2.8714674946048000E+13   -1.2743992981633867E+39   -1.2071050773597042E-01
   2.9030220824576000E+13   -1.2743992981633852E+39   -1.2071050773597146E-01
   2.9345766703104000E+13   -1.2743992981625108E+39   -1.2071050773657473E-01
   2.9661312581632000E+13   -1.2743992979770178E+39   -1.2071050786455823E-01
   2.9976858460160000E+13   -1.2743992982020932E+39   -1.2071050770926434E-01
   3.0292404338688000E+13   -1.2743992981635653E+39   -1.2071050773584717E-01
   3.0607950217216000E+13   -1.2743992981641861E+39   -1.2071050773541886E-01
   3.0923496095744000E+13   -1.2743992981190971E+39   -1.2071050776652864E-01
   3.1239041974272000E+13   -1.2743992981628439E+39   -1.2071050773634492E-01
   3.1554587852800000E+13   -1.2743992981646781E+39   -1.2071050773507937E-01
   3.1870133731328000E+13   -1.2743992981608065E+39   -1.2071050773775062E-01
   3.2185679609856000E+13   -1.2743992981215935E+39   -1.2071050776480619E-01
   3.2501225488384000E+13   -1.2743992982289271E+39   -1.2071050769074990E-01
   3.2816771366912000E+13   -1.2743992983072346E+39   -1.2071050763672050E-01
   3.3132317245440000E+13   -1.2743992982369948E+39   -1.2071050768518343E-01
   3.3447863123968000E+13   -1.2743992982553288E+39   -1.2071050767253366E-01
   3.3763409002496000E+13   -1.2743992982276644E+39   -1.2071050769162113E-01
   3.4078954881024000E+13   -1.2743992982290960E+39   -1.2071050769063334E-01
   3.4394500759552000E+13   -1.2743992982296651E+39   -1.2071050769024068E-01
   3.4710046638080000E+13   -1.2743992982330562E+39   -1.2071050768790098E-01
   3.5025592516608000E+13   -1.2743992982318019E+39   -1.2071050768876637E-01
   3.5341138395136000E+13   -1.2743992982331414E+39   -1.2071050768784218E-01
   3.5656684273664000E+13   -1.2743992982081910E+39   -1.2071050770505706E-01
   3.5972230152192000E+13   -1.2743992982335029E+39   -1.2071050768759277E-01
   3.6287776030720000E+13   -1.2743992982287497E+39   -1.2071050769087231E-01
   3.6603321909248000E+13   -1.2743992982370399E+39   -1.2071050768515236E-01
   3.6918867787776000E+13   -1.2743992982145100E+39   -1.2071050770069715E-01
   3.7234413666304000E+13   -1.2743992981897836E+39   -1.2071050771775750E-01
   3.7549959544832000E+13   -1.2743992982287077E+39   -1.2071050769090129E-01
   3.7865505423360000E+13   -1.2743992982318874E+39   -1.2071050768870736E-01
   3.8181051301888000E+13   -1.2743992982297422E+39   -1.2071050769018750E-01
   3.8496597180416000E+13   -1.2743992982285275E+39   -1.2071050769102558E-01
   3.8812143058944000E+13   -1.2743992982505185E+39   -1.2071050767585260E-01
   3.9127688937472000E+13   -1.2743992981884305E+39   -1.2071050771869109E-01
   3.9443234816000000E+13   -1.2743992982284502E+39   -1.2071050769107895E-01
   3.9758780694528000E+13   -1.2743992982292233E+39   -1.2071050769054555E-01
   4.0074326573056000E+13   -1.2743992982283565E+39   -1.2071050769114361E-01
   4.0389872451584000E+13   -1.2743992982283250E+39   -1.2071050769116529E-01
   4.0705418330112000E+13   -1.2743992982246850E+39   -1.2071050769367681E-01
   4.1020964208640000E+13   -1.2743992982282821E+39   -1.2071050769119490E-01
   4.1336510087168000E+13   -1.2743992982257938E+39   -1.2071050769291172E-01
   4.1652055965696000E+13   -1.2743992981964759E+39   -1.2071050771314006E-01
   4.1967601844224000E+13   -1.2743992982261266E+39   -1.2071050769268213E-01
   4.2283147722752000E+13   -1.2743992982260290E+39   -1.2071050769274948E-01
   4.2598693601280000E+13   -1.2743992982267362E+39   -1.2071050769226152E-01
   4.2914239479808000E+13   -1.2743992982267120E+39   -1.2071050769227820E-01
   4.3229785358336000E+13   -1.2743992982267220E+39   -1.2071050769227133E-01
   4.3545331236864000E+13   -1.2743992981753556E+39   -1.2071050772771226E-01
   4.3860877115392000E+13   -1.2743992982264479E+39   -1.2071050769246046E-01
   4.4176422993920000E+13   -1.2743992982264282E+39   -1.2071050769247402E-01
   4.4491968872448000E+13   -1.2743992981777103E+39   -1.2071050772608760E-01
   4.4807514750976000E+13   -1.2743992982264174E+39   -1.2071050769248153E-01
   4.5123060629504000E+13   -1.2743992982275005E+39   -1.2071050769173415E-01
   4.5438606508032000E+13   -1.2743992982247306E+39   -1.2071050769364532E-01
   4.5754152386560000E+13   -1.2743992982695307E+39   -1.2071050766273489E-01
   4.6069698265088000E+13   -1.2743992982237613E+39   -1.2071050769431407E-01
   4.6385244143616000E+13   -1.2743992982261910E+39   -1.2071050769263771E-01
   4.6700790022144000E+13   -1.2743992982261085E+39   -1.2071050769269465E-01
   4.7016335900672000E+13   -1.2743992982326049E+39   -1.2071050768821232E-01
   4.7331881779200000E+13   -1.2743992982223451E+39   -1.2071050769529124E-01
   4.7647427657728000E+13   -1.2743992982253529E+39   -1.2071050769321597E-01
   4.7962973536256000E+13   -1.2743992982253692E+39   -1.2071050769320470E-01
   4.8278519414784000E+13   -1.2743992982453268E+39   -1.2071050767943471E-01
   4.8594065293312000E+13   -1.2743992982196957E+39   -1.2071050769711920E-01
   4.8909611171840000E+13   -1.2743992982251951E+39   -1.2071050769332481E-01
   4.9225157050368000E+13   -1.2743992982251794E+39   -1.2071050769333566E-01
   4.9540702928896000E+13   -1.2743992982250216E+39   -1.2071050769344450E-01
   4.9856248807424000E+13   -1.2743992982230363E+39   -1.2071050769481434E-01
   5.0171794685952000E+13   -1.2743992982232747E+39   -1.2071050769464980E-01
   5.0487340564480000E+13   -1.2743992982181284E+39   -1.2071050769820063E-01
   5.0802886443008000E+13   -1.2743992982229133E+39   -1.2071050769489920E-01
   5.1118432321536000E+13   -1.2743992982227999E+39   -1.2071050769497740E-01
   5.1433978200064000E+13   -1.2743992982047153E+39   -1.2071050770745514E-01
   5.1749524078592000E+13   -1.2743992982231134E+39   -1.2071050769476116E-01
   5.2065069957120000E+13   -1.2743992982229127E+39   -1.2071050769489962E-01
   5.2380615835648000E+13   -1.2743992982034701E+39   -1.2071050770831428E-01
   5.2696161714176000E+13   -1.2743992982236175E+39   -1.2071050769441334E-01
   5.3011707592704000E+13   -1.2743992982272621E+39   -1.2071050769189869E-01
   5.3327253471232000E+13   -1.2743992982277704E+39   -1.2071050769154794E-01
   5.3642799349760000E+13   -1.2743992982189540E+39   -1.2071050769763093E-01
   5.3958345228288000E+13   -1.2743992982234056E+39   -1.2071050769455952E-01
   5.4273891106816000E+13   -1.2743992978438951E+39   -1.2071050795640807E-01
   5.4589436985344000E+13   -1.2743992982234694E+39   -1.2071050769451551E-01
   5.4904982863872000E+13   -1.2743992982193306E+39   -1.2071050769737111E-01
   5.5220528742400000E+13   -1.2743992982234361E+39   -1.2071050769453845E-01
   5.5536074620928000E+13   -1.2743992982187053E+39   -1.2071050769780255E-01
   5.5851620499456000E+13   -1.2743992982256609E+39   -1.2071050769300347E-01
   5.6167166377984000E+13   -1.2743992981504660E+39   -1.2071050774488523E-01
   5.6482712256512000E+13   -1.2743992982235839E+39   -1.2071050769443648E-01
   5.6798258135040000E+13   -1.2743992982231795E+39   -1.2071050769471549E-01
   5.7113804013568000E+13   -1.2743992982231741E+39   -1.2071050769471925E-01
   5.7429349892096000E+13   -1.2743992982249449E+39   -1.2071050769349748E-01
   5.7744895770624000E+13   -1.2743992986514714E+39   -1.2071050739920955E-01
   5.8060441649152000E+13   -1.2743992986519541E+39   -1.2071050739887654E-01
   5.8375987527680000E+13   -1.2743992986519484E+39   -1.2071050739888049E-01
   5.8691533406208000E+13   -1.2743992986519465E+39   -1.2071050739888174E-01
   5.9007079284736000E+13   -1.2743992986515171E+39   -1.2071050739917806E-01
   5.9322625163264000E+13   -1.2743992986532253E+39   -1.2071050739799946E-01
   5.9638171041792000E+13   -1.2743992986576711E+39   -1.2071050739493200E-01
   5.9953716920320000E+13   -1.2743992986519157E+39   -1.2071050739890302E-01
   6.0269262798848000E+13   -1.2743992986173692E+39   -1.2071050742273889E-01
   6.0584808677376000E+13   -1.2743992986535768E+39   -1.2071050739775695E-01
   6.0900354555904000E+13   -1.2743992986507944E+39   -1.2071050739967666E-01
   6.1215900434432000E+13   -1.2743992986518114E+39   -1.2071050739897496E-01
   6.1531446312960000E+13   -1.2743992986125625E+39   -1.2071050742605534E-01
   6.1846992191488000E+13   -1.2743992986510175E+39   -1.2071050739952277E-01
   6.2162538070016000E+13   -1.2743992986561651E+39   -1.2071050739597110E-01
   6.2478083948544000E+13   -1.2743992993093607E+39   -1.2071050694528972E-01
   6.2793629827072000E+13   -1.2743992986666948E+39   -1.2071050738870596E-01
   6.3109175705600000E+13   -1.2743992986518453E+39   -1.2071050739895160E-01
